ID	Dist_neighbour	Neighbour_5m	Habitat	HAS	Rugosity	Invert_rich
1	4	1	Bommie	17	0.4866	1
2	1	6	Bommie	24	0.6512	6
3	1	4	Bommie	16	0.5587	0
4	1	4	Bommie	20	0.6058	2
5	1	2	Bommie	22	0.5947	2
6	1	2	Bommie	18	0.4962	1
7	1	2	Bommie	19	0.5599	1
8	1	2	Bommie	18	0.5817	2
9	1.5	2	Bommie	16	0.4618	1
14	5	4	Bommie	16	0.4876	3
15	3	6	Bommie	25	0.6429	3
16	1	6	Bommie	20	0.5316	3
17	4	5	Bommie	14	0.5271	5
20	5	1	Seagrass	11	0.3798	2
21	15	0	Seagrass	14	0.5878	1
22	16	0	Seagrass	14	0.5824	1
23	18	0	Seagrass	18	0.5348	2
24	5	1	Seagrass	17	0.4982	2
25	3	1	Seagrass	17	0.4978	1
26	4	1	Seagrass	16	0.5563	1
27	3	1	Seagrass	16	0.5253	0
28	2	1	Seagrass	18	0.4071	1
29	3	1	Seagrass	15	0.5110	0
30	27.00	0	Seagrass	17	0.4608	0
31	34.00	0	Seagrass	16	0.6205	2
32	5	1	Bommie	20	0.5941	1
33	1	6	Bommie	17	0.5351	3
34	1	9	Bommie	17	0.5758	0
35	1	9	Bommie	19	0.5056	3
36	1	9	Bommie	13	0.5485	2
37	1	8	Bommie	14	0.5645	1
38	1	4	Bommie	22	0.6326	4
39	3	4	Bommie	21	0.5979	3
40	0.4	3	Bommie	14	0.5036	2
41	0.4	4	Bommie	18	0.5069	2
42	2	3	Bommie	19	0.4918	1
43	3	3	Bommie	20	0.4903	2
44	1	4	Bommie	26	0.6477	1
45	1	5	Bommie	21	0.4733	6
46	4	10	Bommie	23	0.3957	8
47	3	5	Bommie	25	0.6825	4
48	1	6	Bommie	18	0.6176	5
49	4	6	Bommie	20	0.6867	4
50	1	2	Bommie	19	0.5109	1
51	2	3	Bommie	20	0.5872	2
52	1	5	Bommie	24	0.5915	5
53	1	4	Bommie	16	0.4832	5
54	1	5	Bommie	21	0.5337	5
55	1	5	Bommie	12	0.4264	1
56	1	5	Bommie	15	0.3960	3
57	1	6	Bommie	12	0.3555	2
58	1	3	Bommie	15	0.4412	1
59	1	4	Bommie	14	0.3370	1
60	1	8	Bommie	21	0.7068	3
61	0.5	10	Bommie	14	0.5061	2
62	0.75	7	Bommie	19	0.5804	3
63	1	6	Bommie	19	0.4629	1
64	1	6	Bommie	21	0.5961	2
65	0.5	8	Bommie	19	0.4071	4
66	1	9	Bommie	21	0.4978	3
67	2	9	Bommie	19	0.4570	2
68	0.9	10	Bommie	20	0.4937	3
69	1	10	Bommie	22	0.5590	3
70	1.2	8	Bommie	16	0.5554	4
71	0.5	11	Bommie	20	0.5276	5
72	2	10	Bommie	16	0.4538	6
73	0.6	9	Bommie	14	0.4808	6
74	0.5	9	Bommie	20	0.6020	4
75	0.5	9	Bommie	17	0.5208	1
76	0.5	14	Bommie	27	0.5216	4
77	1.2	8	Bommie	21	0.5443	0
78	0.5	8	Bommie	12	0.4762	0
79	0.5	7	Bommie	20	0.5024	3
80	0.5	7	Bommie	18	0.4016	4
81	1	7	Bommie	18	0.4878	4
82	1	6	Bommie	11	0.3658	0
83	0.5	6	Bommie	17	0.4386	2
84	1	8	Bommie	18	0.5187	2
85	1	7	Bommie	16	0.5048	2
86	0.5	8	Bommie	14	0.4741	3
87	1.5	5	Bommie	19	0.5760	4
88	1.2	12	Bommie	16	0.4343	2
89	1.5	9	Bommie	17	0.5106	5
90	0.5	10	Bommie	20	0.4784	3
91	0.5	16	Bommie	19	0.5370	6
92	0.5	19	Bommie	20	0.5051	0
93	0.5	21	Bommie	18	0.5113	2
94	1	12	Bommie	22	0.5490	4
95	1	11	Bommie	21	0.5252	3
96	1	11	Bommie	12	0.3980	7
97	1	19	Bommie	17	0.5172	1
98	0.5	20	Bommie	22	0.5658	0
99	0.5	18	Bommie	16	0.5326	4
100	0.5	16	Bommie	17	0.5386	3
101	1	11	Bommie	20	0.5508	4
102	0.75	16	Bommie	21	0.5772	3
103	0.6	14	Bommie	21	0.6096	3
104	1.5	12	Bommie	21	0.6080	4
105	1	6	Bommie	18	0.5409	3
106	0.55	14	Bommie	15	0.4382	2
107	0.75	11	Bommie	24	0.4599	4
108	1	9	Bommie	18	0.3793	4
109	1.2	11	Bommie	19	0.5288	4
110	1	11	Bommie	19	0.6017	4
111	0.5	12	Bommie	19	0.5817	4
112	1.5	12	Bommie	20	0.4491	6
113	1	15	Bommie	19	0.5534	1
114	1.5	15	Bommie	23	0.5161	7
115	1	18	Bommie	21	0.5334	4
116	1	4	Bommie	20	0.6273	4
117	0.5	15	Bommie	15	0.4524	1
118	0.5	8	Bommie	14	0.4636	0
143	1.75	9	Bommie	16	0.3086	3
144	1	10	Bommie	20	0.4962	7
145	2	13	Bommie	13	0.4104	2
146	1	14	Bommie	11	0.3466	1
147	1	14	Bommie	21	0.4511	1
148	1	14	Bommie	17	0.4239	2
149	1	10	Bommie	17	0.4577	3
150	1	9	Bommie	19	0.2248	4
151	0.5	9	Bommie	16	0.4027	2
152	2	6	Bommie	16	0.3662	0
153	1	5	Bommie	18	0.1691	4
154	0.5	18	Bommie	19	0.4519	5
155	0.5	18	Bommie	21	0.5320	1
156	1	21	Bommie	14	0.4076	1
157	0.5	20	Bommie	18	0.4925	3
158	0.5	21	Bommie	19	0.5117	5
159	0.5	18	Bommie	16	0.4854	3
160	0.5	15	Bommie	16	0.3950	4
161	1	11	Bommie	16	0.2255	2
162	1	18	Bommie	18	0.4846	2
163	1	18	Bommie	19	0.4503	2
164	1	18	Bommie	13	0.3472	3
165	0.5	17	Bommie	20	0.5457	2
166	0.5	11	Bommie	10	0.3539	4
167	1.5	7	Bommie	17	0.4315	2
168	1	8	Bommie	17	0.5126	1
169	1	8	Bommie	12	0.3794	2
170	1	9	Bommie	13	0.2555	5
171	2.25	3	Bommie	18	0.4294	4
172	1	8	Bommie	17	0.3489	1
173	1	10	Bommie	15	0.3985	2
174	0.5	9	Bommie	17	0.4174	2
175	0.5	9	Bommie	19	0.3660	6
176	1.5	8	Bommie	21	0.3404	3
177	2	7	Bommie	16	0.3114	1
178	2.1	5	Bommie	21	0.3308	7
179	2	7	Bommie	16	0.3240	0
180	2	3	Bommie	16	0.3606	0
181	0.5	9	Bommie	19	0.4061	2
182	0.5	6	Bommie	21	0.2926	5
183	0.5	6	Bommie	16	0.4006	2
184	2	7	Bommie	15	0.4499	4
185	1	16	Bommie	20	0.1171	9
186	1	15	Bommie	17	0.4183	2
187	1.2	7	Bommie	16	0.1520	5
188	2	8	Bommie	14	0.3702	3
189	1.5	11	Bommie	20	0.0216	5
190	3.7	2	Seagrass	17	0.4044	2
191	1	4	Seagrass	16	0.3672	0
192	1	4	Seagrass	15	0.6976	1
193	3	3	Seagrass	24	0.5163	6